
=== [fitted_R] dbl epoch 1 ===
    walker init batch 1: 24/24 valid
    WARNING: autocorr time unreliable (The chain is shorter than 50 times the integrated autocorrelation time for 5 parameter(s). Use this estimate with caution and run a longer chain!
N/50 = 2000;
tau: [6185.0698812  6588.9371853  6549.34933754 7491.16419884 3659.33522188]); falling back to 20% burn-in, thin=1. Consider more steps.
    [dbl_fittedR_ep1] posterior summary:
      a: 3.634  (+0.284 / -2.47)  best=0.531
      log10R: 16.01  (+0.707 / -0.134)  best=16.13
      BG: 0.765  (+0.503 / -0.31)  best=0.5776
      log10n0: 3.547  (+0.902 / -1.61)  best=3.738
      log10eps_B: -1.657  (+0.861 / -0.9)  best=-1.38
