
=== [fitted_R] dbl epoch 1 ===
    walker init batch 1: 24/24 valid
    WARNING: autocorr time unreliable (The chain is shorter than 50 times the integrated autocorrelation time for 4 parameter(s). Use this estimate with caution and run a longer chain!
N/50 = 2000;
tau: [3395.81708752 3516.18223251 6079.15226169 5415.77236456]); falling back to 20% burn-in, thin=1. Consider more steps.
    [dbl_fittedR_ep1] posterior summary:
      a: 3.216  (+0.669 / -2.27)  best=0.5341
      log10R: 16.1  (+0.809 / -0.219)  best=16.1
      BG: 0.7644  (+0.431 / -0.282)  best=0.6029
      log10n0: 3.508  (+0.897 / -1.82)  best=4.037
