
=== [fitted_R] wpp epoch 6 ===
    walker init batch 1: 24/24 valid
    WARNING: autocorr time unreliable (The chain is shorter than 50 times the integrated autocorrelation time for 2 parameter(s). Use this estimate with caution and run a longer chain!
N/50 = 2000;
tau: [ 567.44113719  810.30704569 3145.88181645 3153.17319953]); falling back to 20% burn-in, thin=1. Consider more steps.
    [wpp_fittedR_ep6] posterior summary:
      a: 3.811  (+0.127 / -0.199)  best=3.997
      log10R: 17.43  (+0.355 / -0.471)  best=16.79
      BG: 0.7632  (+0.463 / -0.37)  best=0.4853
      log10n0: -0.2893  (+1.54 / -1.14)  best=1.507
