
=== [fitted_R] dbl epoch 2 ===
    walker init batch 1: 24/24 valid
    WARNING: autocorr time unreliable (The chain is shorter than 50 times the integrated autocorrelation time for 2 parameter(s). Use this estimate with caution and run a longer chain!
N/50 = 2000;
tau: [1764.77823788 3403.11625511 2690.50100519 1862.74431618  959.92611257]); falling back to 20% burn-in, thin=1. Consider more steps.
    [dbl_fittedR_ep2] posterior summary:
      a: 3.86  (+0.108 / -3.13)  best=0.5006
      log10R: 16.21  (+0.116 / -0.0894)  best=16.19
      BG: 0.667  (+0.202 / -0.161)  best=0.7667
      log10n0: 3.686  (+0.606 / -0.807)  best=2.782
      log10eps_B: -1.794  (+1 / -0.841)  best=-0.835
