
=== [fitted_R] wpp epoch 6 ===
    walker init batch 1: 24/24 valid
    WARNING: autocorr time unreliable (The chain is shorter than 50 times the integrated autocorrelation time for 2 parameter(s). Use this estimate with caution and run a longer chain!
N/50 = 2000;
tau: [1548.13411523 1264.88916704 3714.9760808  3228.0634604 ]); falling back to 20% burn-in, thin=1. Consider more steps.
    [wpp_fittedR_ep6] posterior summary:
      a: 3.792  (+0.149 / -2.39)  best=1.246
      log10R: 17.47  (+0.308 / -0.385)  best=17.38
      BG: 0.8554  (+0.368 / -0.386)  best=0.7893
      log10n0: -0.7485  (+1.28 / -0.872)  best=-1.123
