
=== [fitted_R] dbl epoch 2 ===
    walker init batch 1: 24/24 valid
    WARNING: autocorr time unreliable (The chain is shorter than 50 times the integrated autocorrelation time for 2 parameter(s). Use this estimate with caution and run a longer chain!
N/50 = 2000;
tau: [ 746.36849918 1056.85757509 2795.11165255 2645.34265654]); falling back to 20% burn-in, thin=1. Consider more steps.
    [dbl_fittedR_ep2] posterior summary:
      a: 3.842  (+0.129 / -3.17)  best=0.501
      log10R: 16.17  (+0.208 / -0.0861)  best=16.16
      BG: 0.6969  (+0.147 / -0.207)  best=0.8415
      log10n0: 3.633  (+0.404 / -0.504)  best=3.233
