
=== [fitted_R] wpp epoch 4 ===
    walker init batch 1: 24/24 valid
    WARNING: autocorr time unreliable (The chain is shorter than 50 times the integrated autocorrelation time for 2 parameter(s). Use this estimate with caution and run a longer chain!
N/50 = 2000;
tau: [1743.8692137  1945.28648406 4178.89999727 3683.54847336]); falling back to 20% burn-in, thin=1. Consider more steps.
    [wpp_fittedR_ep4] posterior summary:
      a: 3.834  (+0.113 / -2.93)  best=3.994
      log10R: 17.54  (+0.298 / -0.394)  best=16.95
      BG: 1.292  (+0.427 / -0.535)  best=0.8742
      log10n0: -0.6008  (+1.2 / -0.858)  best=0.9125
