
=== [fitted_R] dbl epoch 2 ===
    walker init batch 1: 24/24 valid
    WARNING: autocorr time unreliable (The chain is shorter than 50 times the integrated autocorrelation time for 2 parameter(s). Use this estimate with caution and run a longer chain!
N/50 = 2000;
tau: [1153.06867763 1575.94795255 3258.30371485 3074.93337035]); falling back to 20% burn-in, thin=1. Consider more steps.
    [dbl_fittedR_ep2] posterior summary:
      a: 3.897  (+0.0798 / -3.08)  best=0.5363
      log10R: 16.21  (+0.23 / -0.0731)  best=16.24
      BG: 0.6129  (+0.13 / -0.171)  best=0.7005
      log10n0: 3.294  (+0.367 / -0.371)  best=2.9
