
=== [fitted_R] wpp epoch 5 ===
    walker init batch 1: 24/24 valid
    WARNING: autocorr time unreliable (The chain is shorter than 50 times the integrated autocorrelation time for 2 parameter(s). Use this estimate with caution and run a longer chain!
N/50 = 2000;
tau: [ 927.3146519  1050.15951921 5692.54675952 5483.70615935]); falling back to 20% burn-in, thin=1. Consider more steps.
    [wpp_fittedR_ep5] posterior summary:
      a: 3.373  (+0.349 / -2.6)  best=0.5295
      log10R: 17.53  (+0.262 / -0.29)  best=17.73
      BG: 1.401  (+0.435 / -0.712)  best=2.076
      log10n0: -0.9087  (+1.35 / -0.73)  best=-1.772
