
=== [fitted_R] dbl epoch 3 ===
    walker init batch 1: 24/24 valid
    WARNING: autocorr time unreliable (The chain is shorter than 50 times the integrated autocorrelation time for 4 parameter(s). Use this estimate with caution and run a longer chain!
N/50 = 2000;
tau: [2013.32576678 2199.3469283  2090.92505489 2447.9229289 ]); falling back to 20% burn-in, thin=1. Consider more steps.
    [dbl_fittedR_ep3] posterior summary:
      a: 3.948  (+0.0399 / -2.25)  best=0.5067
      log10R: 16.33  (+0.114 / -0.0511)  best=16.37
      BG: 0.7124  (+0.108 / -0.0968)  best=0.8392
      log10n0: 2.636  (+0.221 / -0.432)  best=2.205
