
=== [fitted_R] dbl epoch 2 ===
    walker init batch 1: 24/24 valid
    WARNING: autocorr time unreliable (The chain is shorter than 50 times the integrated autocorrelation time for 4 parameter(s). Use this estimate with caution and run a longer chain!
N/50 = 2000;
tau: [2264.29017388 2924.29783512 4439.74832628 4161.82099109 1756.63061397]); falling back to 20% burn-in, thin=1. Consider more steps.
    [dbl_fittedR_ep2] posterior summary:
      a: 3.909  (+0.0698 / -3.01)  best=0.5056
      log10R: 16.16  (+0.166 / -0.0843)  best=16.2
      BG: 0.6679  (+0.172 / -0.175)  best=0.75
      log10n0: 3.568  (+0.484 / -0.539)  best=3.071
      log10eps_B: -1.666  (+0.943 / -0.937)  best=-1.431
