
=== [fitted_R] wpp epoch 2 ===
    walker init batch 1: 24/24 valid
    WARNING: autocorr time unreliable (The chain is shorter than 50 times the integrated autocorrelation time for 4 parameter(s). Use this estimate with caution and run a longer chain!
N/50 = 2000;
tau: [4263.3709092  5639.97563086 4234.45013205 5686.86324542]); falling back to 20% burn-in, thin=1. Consider more steps.
    [wpp_fittedR_ep2] posterior summary:
      a: 3.937  (+0.0476 / -2.33)  best=0.7165
      log10R: 16.27  (+0.242 / -0.0182)  best=16.4
      BG: 0.8206  (+0.35 / -0.0597)  best=1.155
      log10n0: 2.171  (+0.112 / -1.18)  best=1.282
