
=== [fitted_R] dbl epoch 1 ===
    walker init batch 1: 24/24 valid
    WARNING: autocorr time unreliable (The chain is shorter than 50 times the integrated autocorrelation time for 5 parameter(s). Use this estimate with caution and run a longer chain!
N/50 = 2000;
tau: [3834.79295918 3630.51196066 7317.65886396 6052.65671112 2783.0722689 ]); falling back to 20% burn-in, thin=1. Consider more steps.
    [dbl_fittedR_ep1] posterior summary:
      a: 2.386  (+1.5 / -1.5)  best=0.7185
      log10R: 16.16  (+0.873 / -0.248)  best=16.36
      BG: 0.6306  (+0.34 / -0.215)  best=0.3787
      log10n0: 3.7  (+1.05 / -1.93)  best=4.954
      log10eps_B: -1.705  (+0.926 / -0.882)  best=-2.232
