
=== [fitted_R] dbl epoch 3 ===
    walker init batch 1: 24/24 valid
    WARNING: autocorr time unreliable (The chain is shorter than 50 times the integrated autocorrelation time for 4 parameter(s). Use this estimate with caution and run a longer chain!
N/50 = 2000;
tau: [3731.07392342 3617.10604674 3050.76826921 3335.55685268 1685.13088653]); falling back to 20% burn-in, thin=1. Consider more steps.
    [dbl_fittedR_ep3] posterior summary:
      a: 3.912  (+0.0717 / -2.91)  best=0.5227
      log10R: 16.38  (+0.454 / -0.0999)  best=16.39
      BG: 0.7408  (+0.252 / -0.177)  best=0.785
      log10n0: 2.978  (+0.661 / -1.78)  best=2.031
      log10eps_B: -1.805  (+0.977 / -0.865)  best=-0.4162
