
=== [fitted_R] dbl epoch 1 ===
    walker init batch 1: 24/24 valid
    WARNING: autocorr time unreliable (The chain is shorter than 50 times the integrated autocorrelation time for 4 parameter(s). Use this estimate with caution and run a longer chain!
N/50 = 2000;
tau: [4567.99733503 5043.60626683 7695.34950625 6972.77485395]); falling back to 20% burn-in, thin=1. Consider more steps.
    [dbl_fittedR_ep1] posterior summary:
      a: 3.532  (+0.37 / -2.41)  best=0.5329
      log10R: 16.09  (+0.694 / -0.166)  best=16.15
      BG: 0.6733  (+0.484 / -0.266)  best=0.5474
      log10n0: 3.224  (+0.832 / -1.57)  best=3.601
